0805094
1205103
1305096
1305106
1405001
1405003
1405004
1405005
1405006
1405007
1405008
1405010
1405011
1405016
1405017
1405020
1405022
1405023
1405028
1405033
1405036
1405038
1405041
1405043
1405049
1405050
1405051
1405053
1405054
1405056
1405057
1405065
1405066
1405070
1405073
1405078
1405083
1405085
1405086
1405087
1405090
1405091
1405092
1405093
1405094
1405095
1405096
1405097
1405098
1405099
1405100
1405102
1405103
1405108
1405110
1405112
1405114
1405117
1405122
1405077
1405014
1405079
1405111
1405042
1405024
1405075
1405060
1405082
1405104
1405052
1405018
1405013
1405029
1405048
1405084
1405074
1405046
1405032
1405009
0705011
1405002
1205090
1405061
1405106
1405071
1305082
1405119
1405109
1405113
1405035
1405015
1405101
1405115
1405039
1405045
1405116
1405088
1405026
1405067
1405105
1405031
1405030
1405118
1405021
1405089
1405047
1405076
1205105
1405044
1405064
